0 0 0 0 0.0000000000000
1 1 1 1 1.0000000000000
2 2 2 0 0.5735294121053
3 1 1 0 0.0000000000000
4 0 0 0 0.0000000000000
5 1 1 0 0.0000000000000
6 2 2 0 0.0000000000000
7 1 1 0 0.0000000000000
8 2 2 0 0.0000000000000
9 0 0 0 0.0000000000000
10 1 1 1 1.0000000000000
11 1 1 0 0.0000000000000
12 1 1 0 1.0000000033158
13 1 1 0 0.0000000000000
14 1 1 0 0.0000000000000
15 0 0 0 0.0000000000000
16 2 2 0 0.0000000000000
17 1 1 0 0.0000000000000
18 1 1 0 0.0000000000000
19 1 1 0 0.0000000000000
20 0 0 0 0.0000000000000
21 0 0 0 0.0000000000000
