0 0 0 0 0.0000000000000
1 1 1 1 1.0000000000000
2 2 2 0 0.5735294121053
3 0 0 0 0.0000000000000
4 0 0 0 0.0000000000000
5 2 2 0 0.0000000000000
6 1 1 0 0.0000000000000
7 1 1 0 0.0000000000000
8 2 2 0 0.0000000000000
9 2 2 0 0.4358974354832
10 1 1 1 1.0000000000000
11 1 1 0 0.0000000000000
12 4 4 0 0.0000000000000
13 0 0 0 0.0000000000000
14 1 1 0 0.0000000000000
15 1 1 0 0.0000000000000
16 2 2 0 0.0000000000000
17 2 2 0 0.0000000000000
18 1 1 0 0.0000000000000
19 2 2 0 0.0000000000000
20 0 0 0 0.0000000000000
21 0 0 0 0.0000000000000
